3
4
12
14
16
18
22
23
24
25
27
28
30
31
32
34
35
39
40
41
44
47
54
55
60
61
62
63
64
65
69
70
71
72
73
74
75
76
77
78
79
84
85
87
88
92
93
94
97
99
100
104
105
106
108
109
112
113
114
117
118
119
121
122
126
127
128
131
132
133
135
140
142
144
146
148
152
162
164
165
167
171
173
175
176
178
179
181
183
184
188
189
190
193
195
196
200
201
204
206
209
210
211
212
214
216
220
223
225
228
229
233
235
236
241
247
248
254
259
261
262
263
266
267
268
269
272
273
276
277
282
285
289
291
292
293
295
296
297
303
308
309
311
313
316
319
321
322
324
328
330
331
332
334
336
344
345
346
347
348
349
350
355
357
359
360
365
366
368
370
371
379
381
382
383
384
385
386
387
388
392
397
398
399
400
401
402
410
411
413
418
419
420
421
422
423
426
431
434
440
441
447
450
451
453
454
455
456
458
459
460
461
462
465
466
467
470
474
475
476
477
478
482
484
485
486
489
490
492
494
495
500
504
505
510
511
512
513
515
516
518
519
522
523
525
527
532
533
534
539
541
544
547
549
550
551
552
554
556
557
559
560
561
564
565
566
567
569
570
573
574
576
578
579
581
586
588
589
590
592
593
595
599
601
606
614
615
618
619
620
621
622
626
628
629
630
632
633
635
636
637
642
643
646
647
652
654
656
658
661
662
663
664
665
667
668
669
671
672
674
677
678
680
681
685
686
687
688
689
692
703
706
709
710
711
713
714
715
716
718
719
720
721
723
726
727
728
730
733
734
735
738
739
740
741
743
748
750
754
755
756
758
764
767
768
769
772
773
774
775
776
779
781
785
786
787
788
790
792
795
796
799
800
801
802
803
804
806
807
809
810
811
813
814
815
816
818
819
820
822
823
824
826
827
828
830
832
833
835
836
838
839
840
841
844
845
846
847
848
852
853
856
858
862
866
867
870
871
872
873
877
879
880
881
883
889
891
893
894
897
901
902
903
905
909
910
911
913
914
919
920
921
922
926
927
929
930
931
932
934
935
937
942
948
951
953
954
958
961
962
964
968
970
974
976
977
980
982
984
988
990
992
995
996
